24
-2  0.2 -0.2
 2  0.2 -0.2
 2  0.2  0.2
-2  0.2  0.2
-2 -0.2 -0.2
 2 -0.2 -0.2
 2 -0.2  0.2
-2 -0.2  0.2

-0.2  2 -0.2
 0.2  2 -0.2
 0.2  2  0.2
-0.2  2  0.2
-0.2 -2 -0.2
 0.2 -2 -0.2
 0.2 -2  0.2
-0.2 -2  0.2

-0.2  0.2 -2
 0.2  0.2 -2
 0.2  0.2  2
-0.2  0.2  2
-0.2 -0.2 -2
 0.2 -0.2 -2
 0.2 -0.2  2
-0.2 -0.2  2

36
1 3 2 0 1 0 0 1 0 0 1 0
1 4 3 0 1 0 0 1 0 0 1 0
5 6 7 0 -1 0 0 -1 0 0 -1 0
5 7 8 0 -1 0 0 -1 0 0 -1 0
5 4 1 -1 0 0 -1 0 0 -1 0 0
5 8 4 -1 0 0 -1 0 0 -1 0 0
3 6 2 1 0 0 1 0 0 1 0 0
3 7 6 1 0 0 1 0 0 1 0 0
5 1 2 0 0 -1 0 0 -1 0 0 -1
5 2 6 0 0 -1 0 0 -1 0 0 -1
3 4 8 0 0 1 0 0 1 0 0 1
3 8 7 0 0 1 0 0 1 0 0 1

9 11 10 0 1 0 0 1 0 0 1 0
9 12 11 0 1 0 0 1 0 0 1 0
13 14 15 0 -1 0 0 -1 0 0 -1 0
13 15 16 0 -1 0 0 -1 0 0 -1 0
13 12 9 -1 0 0 -1 0 0 -1 0 0
13 16 12 -1 0 0 -1 0 0 -1 0 0
11 14 10 1 0 0 1 0 0 1 0 0
11 15 14 1 0 0 1 0 0 1 0 0
13 9 10 0 0 -1 0 0 -1 0 0 -1
13 10 14 0 0 -1 0 0 -1 0 0 -1
11 12 16 0 0 1 0 0 1 0 0 1
11 16 15 0 0 1 0 0 1 0 0 1

17 19 18 0 1 0 0 1 0 0 1 0
17 20 19 0 1 0 0 1 0 0 1 0
21 22 23 0 -1 0 0 -1 0 0 -1 0
21 23 24 0 -1 0 0 -1 0 0 -1 0
21 20 17 -1 0 0 -1 0 0 -1 0 0
21 24 20 -1 0 0 -1 0 0 -1 0 0
19 22 18 1 0 0 1 0 0 1 0 0
19 23 22 1 0 0 1 0 0 1 0 0
21 17 18 0 0 -1 0 0 -1 0 0 -1
21 18 22 0 0 -1 0 0 -1 0 0 -1
19 20 24 0 0 1 0 0 1 0 0 1
19 24 23 0 0 1 0 0 1 0 0 1