Vertices: 486
-0.106     1.593     2.272
-0.106     2.036     2.228
-0.193     2.028     2.228
-0.276     2.002     2.228
-0.353     1.961     2.228
-0.420     1.906     2.228
-0.475     1.839     2.228
-0.516     1.763     2.228
-0.541     1.679     2.228
-0.550     1.593     2.228
-0.541     1.506     2.228
-0.516     1.423     2.228
-0.475     1.347     2.228
-0.420     1.280     2.228
-0.353     1.224     2.228
-0.276     1.183     2.228
-0.193     1.158     2.228
-0.106     1.150     2.228
-0.020     1.158     2.228
0.063     1.183     2.228
0.140     1.224     2.228
0.207     1.280     2.228
0.262     1.347     2.228
0.303     1.423     2.228
0.328     1.506     2.228
0.337     1.593     2.228
0.328     1.679     2.228
0.303     1.763     2.228
0.262     1.839     2.228
0.207     1.906     2.228
0.140     1.961     2.228
0.063     2.002     2.228
-0.020     2.028     2.228
-0.106     2.462     2.099
-0.276     2.446     2.099
-0.439     2.396     2.099
-0.589     2.316     2.099
-0.721     2.208     2.099
-0.829     2.076     2.099
-0.910     1.926     2.099
-0.959     1.763     2.099
-0.976     1.593     2.099
-0.959     1.423     2.099
-0.910     1.260     2.099
-0.829     1.110     2.099
-0.721     0.978     2.099
-0.589     0.870     2.099
-0.439     0.790     2.099
-0.276     0.740     2.099
-0.106     0.724     2.099
0.063     0.740     2.099
0.226     0.790     2.099
0.377     0.870     2.099
0.508     0.978     2.099
0.616     1.110     2.099
0.697     1.260     2.099
0.746     1.423     2.099
0.763     1.593     2.099
0.746     1.763     2.099
0.697     1.926     2.099
0.616     2.076     2.099
0.508     2.208     2.099
0.377     2.316     2.099
0.226     2.396     2.099
0.063     2.446     2.099
-0.106     2.855     1.889
-0.353     2.831     1.889
-0.589     2.759     1.889
-0.808     2.642     1.889
-0.999     2.485     1.889
-1.156     2.294     1.889
-1.273     2.076     1.889
-1.344     1.839     1.889
-1.369     1.593     1.889
-1.344     1.347     1.889
-1.273     1.110     1.889
-1.156     0.892     1.889
-0.999     0.700     1.889
-0.808     0.544     1.889
-0.589     0.427     1.889
-0.353     0.355     1.889
-0.106     0.331     1.889
0.140     0.355     1.889
0.377     0.427     1.889
0.595     0.544     1.889
0.786     0.700     1.889
0.943     0.892     1.889
1.060     1.110     1.889
1.131     1.347     1.889
1.156     1.593     1.889
1.131     1.839     1.889
1.060     2.076     1.889
0.943     2.294     1.889
0.786     2.485     1.889
0.595     2.642     1.889
0.377     2.759     1.889
0.140     2.831     1.889
-0.106     3.199     1.606
-0.420     3.168     1.606
-0.721     3.077     1.606
-0.999     2.929     1.606
-1.242     2.729     1.606
-1.442     2.485     1.606
-1.591     2.208     1.606
-1.682     1.906     1.606
-1.713     1.593     1.606
-1.682     1.280     1.606
-1.591     0.978     1.606
-1.442     0.700     1.606
-1.242     0.457     1.606
-0.999     0.257     1.606
-0.721     0.109     1.606
-0.420     0.017     1.606
-0.106     -0.013     1.606
0.207     0.017     1.606
0.508     0.109     1.606
0.786     0.257     1.606
1.029     0.457     1.606
1.229     0.700     1.606
1.378     0.978     1.606
1.469     1.280     1.606
1.500     1.593     1.606
1.469     1.906     1.606
1.378     2.208     1.606
1.229     2.485     1.606
1.029     2.729     1.606
0.786     2.929     1.606
0.508     3.077     1.606
0.207     3.168     1.606
-0.106     3.482     1.262
-0.475     3.446     1.262
-0.829     3.338     1.262
-1.156     3.164     1.262
-1.442     2.929     1.262
-1.677     2.642     1.262
-1.852     2.316     1.262
-1.959     1.961     1.262
-1.995     1.593     1.262
-1.959     1.224     1.262
-1.852     0.870     1.262
-1.677     0.544     1.262
-1.442     0.257     1.262
-1.156     0.022     1.262
-0.829     -0.152     1.262
-0.475     -0.260     1.262
-0.106     -0.296     1.262
0.262     -0.260     1.262
0.616     -0.152     1.262
0.943     0.022     1.262
1.229     0.257     1.262
1.464     0.544     1.262
1.639     0.870     1.262
1.746     1.224     1.262
1.782     1.593     1.262
1.746     1.961     1.262
1.639     2.316     1.262
1.464     2.642     1.262
1.229     2.929     1.262
0.943     3.164     1.262
0.616     3.338     1.262
0.262     3.446     1.262
-0.106     3.692     0.869
-0.516     3.651     0.869
-0.910     3.532     0.869
-1.273     3.338     0.869
-1.591     3.077     0.869
-1.852     2.759     0.869
-2.046     2.396     0.869
-2.165     2.002     0.869
-2.205     1.593     0.869
-2.165     1.183     0.869
-2.046     0.790     0.869
-1.852     0.427     0.869
-1.591     0.109     0.869
-1.273     -0.152     0.869
-0.910     -0.346     0.869
-0.516     -0.466     0.869
-0.106     -0.506     0.869
0.303     -0.466     0.869
0.697     -0.346     0.869
1.060     -0.152     0.869
1.378     0.109     0.869
1.639     0.427     0.869
1.833     0.790     0.869
1.952     1.183     0.869
1.992     1.593     0.869
1.952     2.002     0.869
1.833     2.396     0.869
1.639     2.759     0.869
1.378     3.077     0.869
1.060     3.338     0.869
0.697     3.532     0.869
0.303     3.651     0.869
-0.106     3.821     0.443
-0.541     3.778     0.443
-0.959     3.651     0.443
-1.344     3.446     0.443
-1.682     3.168     0.443
-1.959     2.831     0.443
-2.165     2.446     0.443
-2.292     2.028     0.443
-2.335     1.593     0.443
-2.292     1.158     0.443
-2.165     0.740     0.443
-1.959     0.355     0.443
-1.682     0.017     0.443
-1.344     -0.260     0.443
-0.959     -0.466     0.443
-0.541     -0.592     0.443
-0.106     -0.635     0.443
0.328     -0.592     0.443
0.746     -0.466     0.443
1.131     -0.260     0.443
1.469     0.017     0.443
1.746     0.355     0.443
1.952     0.740     0.443
2.079     1.158     0.443
2.122     1.593     0.443
2.079     2.028     0.443
1.952     2.446     0.443
1.746     2.831     0.443
1.469     3.168     0.443
1.131     3.446     0.443
0.746     3.651     0.443
0.328     3.778     0.443
-0.106     3.865     -0.000
-0.550     3.821     -0.000
-0.976     3.692     -0.000
-1.369     3.482     -0.000
-1.713     3.199     -0.000
-1.995     2.855     -0.000
-2.205     2.462     -0.000
-2.335     2.036     -0.000
-2.378     1.593     -0.000
-2.335     1.150     -0.000
-2.205     0.724     -0.000
-1.995     0.331     -0.000
-1.713     -0.013     -0.000
-1.369     -0.296     -0.000
-0.976     -0.506     -0.000
-0.550     -0.635     -0.000
-0.106     -0.679     -0.000
0.337     -0.635     -0.000
0.763     -0.506     -0.000
1.156     -0.296     -0.000
1.500     -0.013     -0.000
1.782     0.331     -0.000
1.992     0.724     -0.000
2.122     1.150     -0.000
2.165     1.593     -0.000
2.122     2.036     -0.000
1.992     2.462     -0.000
1.782     2.855     -0.000
1.500     3.199     -0.000
1.156     3.482     -0.000
0.763     3.692     -0.000
0.337     3.821     -0.000
-0.106     3.821     -0.443
-0.541     3.778     -0.443
-0.959     3.651     -0.443
-1.344     3.446     -0.443
-1.682     3.168     -0.443
-1.959     2.831     -0.443
-2.165     2.446     -0.443
-2.292     2.028     -0.443
-2.335     1.593     -0.443
-2.292     1.158     -0.443
-2.165     0.740     -0.443
-1.959     0.355     -0.443
-1.682     0.017     -0.443
-1.344     -0.260     -0.443
-0.959     -0.466     -0.443
-0.541     -0.592     -0.443
-0.106     -0.635     -0.443
0.328     -0.592     -0.443
0.746     -0.466     -0.443
1.131     -0.260     -0.443
1.469     0.017     -0.443
1.746     0.355     -0.443
1.952     0.740     -0.443
2.079     1.158     -0.443
2.122     1.593     -0.443
2.079     2.028     -0.443
1.952     2.446     -0.443
1.746     2.831     -0.443
1.469     3.168     -0.443
1.131     3.446     -0.443
0.746     3.651     -0.443
0.328     3.778     -0.443
-0.106     3.692     -0.869
-0.516     3.651     -0.869
-0.910     3.532     -0.869
-1.273     3.338     -0.869
-1.591     3.077     -0.869
-1.852     2.759     -0.869
-2.046     2.396     -0.869
-2.165     2.002     -0.869
-2.205     1.593     -0.869
-2.165     1.183     -0.869
-2.046     0.790     -0.869
-1.852     0.427     -0.869
-1.591     0.109     -0.869
-1.273     -0.152     -0.869
-0.910     -0.346     -0.869
-0.516     -0.466     -0.869
-0.106     -0.506     -0.869
0.303     -0.466     -0.869
0.697     -0.346     -0.869
1.060     -0.152     -0.869
1.378     0.109     -0.869
1.639     0.427     -0.869
1.833     0.790     -0.869
1.952     1.183     -0.869
1.992     1.593     -0.869
1.952     2.002     -0.869
1.833     2.396     -0.869
1.639     2.759     -0.869
1.378     3.077     -0.869
1.060     3.338     -0.869
0.697     3.532     -0.869
0.303     3.651     -0.869
-0.106     3.482     -1.262
-0.475     3.446     -1.262
-0.829     3.338     -1.262
-1.156     3.164     -1.262
-1.442     2.929     -1.262
-1.677     2.642     -1.262
-1.852     2.316     -1.262
-1.959     1.961     -1.262
-1.995     1.593     -1.262
-1.959     1.224     -1.262
-1.852     0.870     -1.262
-1.677     0.544     -1.262
-1.442     0.257     -1.262
-1.156     0.022     -1.262
-0.829     -0.152     -1.262
-0.475     -0.260     -1.262
-0.106     -0.296     -1.262
0.262     -0.260     -1.262
0.616     -0.152     -1.262
0.943     0.022     -1.262
1.229     0.257     -1.262
1.464     0.544     -1.262
1.639     0.870     -1.262
1.746     1.224     -1.262
1.782     1.593     -1.262
1.746     1.961     -1.262
1.639     2.316     -1.262
1.464     2.642     -1.262
1.229     2.929     -1.262
0.943     3.164     -1.262
0.616     3.338     -1.262
0.262     3.446     -1.262
-0.106     3.199     -1.606
-0.420     3.168     -1.606
-0.721     3.077     -1.606
-0.999     2.929     -1.606
-1.242     2.729     -1.606
-1.442     2.485     -1.606
-1.591     2.208     -1.606
-1.682     1.906     -1.606
-1.713     1.593     -1.606
-1.682     1.280     -1.606
-1.591     0.978     -1.606
-1.442     0.700     -1.606
-1.242     0.457     -1.606
-0.999     0.257     -1.606
-0.721     0.109     -1.606
-0.420     0.017     -1.606
-0.106     -0.013     -1.606
0.207     0.017     -1.606
0.508     0.109     -1.606
0.786     0.257     -1.606
1.029     0.457     -1.606
1.229     0.700     -1.606
1.378     0.978     -1.606
1.469     1.280     -1.606
1.500     1.593     -1.606
1.469     1.906     -1.606
1.378     2.208     -1.606
1.229     2.485     -1.606
1.029     2.729     -1.606
0.786     2.929     -1.606
0.508     3.077     -1.606
0.207     3.168     -1.606
-0.106     2.855     -1.889
-0.353     2.831     -1.889
-0.589     2.759     -1.889
-0.808     2.642     -1.889
-0.999     2.485     -1.889
-1.156     2.294     -1.889
-1.273     2.076     -1.889
-1.344     1.839     -1.889
-1.369     1.593     -1.889
-1.344     1.347     -1.889
-1.273     1.110     -1.889
-1.156     0.892     -1.889
-0.999     0.700     -1.889
-0.808     0.544     -1.889
-0.589     0.427     -1.889
-0.353     0.355     -1.889
-0.106     0.331     -1.889
0.140     0.355     -1.889
0.377     0.427     -1.889
0.595     0.544     -1.889
0.786     0.700     -1.889
0.943     0.892     -1.889
1.060     1.110     -1.889
1.131     1.347     -1.889
1.156     1.593     -1.889
1.131     1.839     -1.889
1.060     2.076     -1.889
0.943     2.294     -1.889
0.786     2.485     -1.889
0.595     2.642     -1.889
0.377     2.759     -1.889
0.140     2.831     -1.889
-0.106     2.462     -2.099
-0.276     2.446     -2.099
-0.439     2.396     -2.099
-0.589     2.316     -2.099
-0.721     2.208     -2.099
-0.829     2.076     -2.099
-0.910     1.926     -2.099
-0.959     1.763     -2.099
-0.976     1.593     -2.099
-0.959     1.423     -2.099
-0.910     1.260     -2.099
-0.829     1.110     -2.099
-0.721     0.978     -2.099
-0.589     0.870     -2.099
-0.439     0.790     -2.099
-0.276     0.740     -2.099
-0.106     0.724     -2.099
0.063     0.740     -2.099
0.226     0.790     -2.099
0.377     0.870     -2.099
0.508     0.978     -2.099
0.616     1.110     -2.099
0.697     1.260     -2.099
0.746     1.423     -2.099
0.763     1.593     -2.099
0.746     1.763     -2.099
0.697     1.926     -2.099
0.616     2.076     -2.099
0.508     2.208     -2.099
0.377     2.316     -2.099
0.226     2.396     -2.099
0.063     2.446     -2.099
-0.106     2.036     -2.228
-0.193     2.028     -2.228
-0.276     2.002     -2.228
-0.353     1.961     -2.228
-0.420     1.906     -2.228
-0.475     1.839     -2.228
-0.516     1.763     -2.228
-0.541     1.679     -2.228
-0.550     1.593     -2.228
-0.541     1.506     -2.228
-0.516     1.423     -2.228
-0.475     1.347     -2.228
-0.420     1.280     -2.228
-0.353     1.224     -2.228
-0.276     1.183     -2.228
-0.193     1.158     -2.228
-0.106     1.150     -2.228
-0.020     1.158     -2.228
0.063     1.183     -2.228
0.140     1.224     -2.228
0.207     1.280     -2.228
0.262     1.347     -2.228
0.303     1.423     -2.228
0.328     1.506     -2.228
0.337     1.593     -2.228
0.328     1.679     -2.228
0.303     1.763     -2.228
0.262     1.839     -2.228
0.207     1.906     -2.228
0.140     1.961     -2.228
0.063     2.002     -2.228
-0.020     2.028     -2.228
-0.106     1.593     -2.272
0.140     1.961     -2.228
0.063     2.002     -2.228
-0.020     2.028     -2.228
-0.106     1.593     -2.272
