Vertices: 486
-0.000     0.000     2.000
-0.000     -0.267     2.000
-0.000     -0.533     2.000
-0.000     -0.800     2.000
-0.000     -1.067     2.000
-0.000     -1.333     2.000
-0.000     -1.600     2.000
-0.000     -1.867     2.000
-0.000     -2.133     2.000
-0.000     -2.400     2.000
-0.000     -2.667     2.000
-0.000     -2.933     2.000
-0.000     -3.200     2.000
-0.000     -3.467     2.000
-0.000     -3.733     2.000
-0.000     -4.000     2.000
-0.000     -4.000     1.595
-0.000     -3.733     1.595
-0.000     -3.467     1.595
-0.000     -3.200     1.595
-0.000     -2.933     1.595
-0.000     -2.667     1.595
-0.000     -2.400     1.595
-0.000     -2.133     1.595
-0.000     -1.867     1.595
-0.000     -1.600     1.595
-0.000     -1.333     1.595
-0.000     -1.067     1.595
-0.000     -0.800     1.595
-0.000     -0.533     1.595
-0.000     -0.267     1.595
-0.000     0.000     1.595
0.813     0.000     1.827
0.813     -0.267     1.827
0.813     -0.533     1.827
0.813     -0.800     1.827
0.813     -1.067     1.827
0.813     -1.333     1.827
0.813     -1.600     1.827
0.813     -1.867     1.827
0.813     -2.133     1.827
0.813     -2.400     1.827
0.813     -2.667     1.827
0.813     -2.933     1.827
0.813     -3.200     1.827
0.813     -3.467     1.827
0.813     -3.733     1.827
0.813     -4.000     1.827
0.649     -4.000     1.458
0.649     -3.733     1.458
0.649     -3.467     1.458
0.649     -3.200     1.458
0.649     -2.933     1.458
0.649     -2.667     1.458
0.649     -2.400     1.458
0.649     -2.133     1.458
0.649     -1.867     1.458
0.649     -1.600     1.458
0.649     -1.333     1.458
0.649     -1.067     1.458
0.649     -0.800     1.458
0.649     -0.533     1.458
0.649     -0.267     1.458
0.649     0.000     1.458
1.486     0.000     1.338
1.486     -0.267     1.338
1.486     -0.533     1.338
1.486     -0.800     1.338
1.486     -1.067     1.338
1.486     -1.333     1.338
1.486     -1.600     1.338
1.486     -1.867     1.338
1.486     -2.133     1.338
1.486     -2.400     1.338
1.486     -2.667     1.338
1.486     -2.933     1.338
1.486     -3.200     1.338
1.486     -3.467     1.338
1.486     -3.733     1.338
1.486     -4.000     1.338
1.186     -4.000     1.068
1.186     -3.733     1.068
1.186     -3.467     1.068
1.186     -3.200     1.068
1.186     -2.933     1.068
1.186     -2.667     1.068
1.186     -2.400     1.068
1.186     -2.133     1.068
1.186     -1.867     1.068
1.186     -1.600     1.068
1.186     -1.333     1.068
1.186     -1.067     1.068
1.186     -0.800     1.068
1.186     -0.533     1.068
1.186     -0.267     1.068
1.186     0.000     1.068
1.902     0.000     0.618
1.902     -0.267     0.618
1.902     -0.533     0.618
1.902     -0.800     0.618
1.902     -1.067     0.618
1.902     -1.333     0.618
1.902     -1.600     0.618
1.902     -1.867     0.618
1.902     -2.133     0.618
1.902     -2.400     0.618
1.902     -2.667     0.618
1.902     -2.933     0.618
1.902     -3.200     0.618
1.902     -3.467     0.618
1.902     -3.733     0.618
1.902     -4.000     0.618
1.517     -4.000     0.493
1.517     -3.733     0.493
1.517     -3.467     0.493
1.517     -3.200     0.493
1.517     -2.933     0.493
1.517     -2.667     0.493
1.517     -2.400     0.493
1.517     -2.133     0.493
1.517     -1.867     0.493
1.517     -1.600     0.493
1.517     -1.333     0.493
1.517     -1.067     0.493
1.517     -0.800     0.493
1.517     -0.533     0.493
1.517     -0.267     0.493
1.517     0.000     0.493
1.989     -0.000     -0.209
1.989     -0.267     -0.209
1.989     -0.533     -0.209
1.989     -0.800     -0.209
1.989     -1.067     -0.209
1.989     -1.333     -0.209
1.989     -1.600     -0.209
1.989     -1.867     -0.209
1.989     -2.133     -0.209
1.989     -2.400     -0.209
1.989     -2.667     -0.209
1.989     -2.933     -0.209
1.989     -3.200     -0.209
1.989     -3.467     -0.209
1.989     -3.733     -0.209
1.989     -4.000     -0.209
1.587     -4.000     -0.167
1.587     -3.733     -0.167
1.587     -3.467     -0.167
1.587     -3.200     -0.167
1.587     -2.933     -0.167
1.587     -2.667     -0.167
1.587     -2.400     -0.167
1.587     -2.133     -0.167
1.587     -1.867     -0.167
1.587     -1.600     -0.167
1.587     -1.333     -0.167
1.587     -1.067     -0.167
1.587     -0.800     -0.167
1.587     -0.533     -0.167
1.587     -0.267     -0.167
1.587     -0.000     -0.167
1.732     -0.000     -1.000
1.732     -0.267     -1.000
1.732     -0.533     -1.000
1.732     -0.800     -1.000
1.732     -1.067     -1.000
1.732     -1.333     -1.000
1.732     -1.600     -1.000
1.732     -1.867     -1.000
1.732     -2.133     -1.000
1.732     -2.400     -1.000
1.732     -2.667     -1.000
1.732     -2.933     -1.000
1.732     -3.200     -1.000
1.732     -3.467     -1.000
1.732     -3.733     -1.000
1.732     -4.000     -1.000
1.382     -4.000     -0.798
1.382     -3.733     -0.798
1.382     -3.467     -0.798
1.382     -3.200     -0.798
1.382     -2.933     -0.798
1.382     -2.667     -0.798
1.382     -2.400     -0.798
1.382     -2.133     -0.798
1.382     -1.867     -0.798
1.382     -1.600     -0.798
1.382     -1.333     -0.798
1.382     -1.067     -0.798
1.382     -0.800     -0.798
1.382     -0.533     -0.798
1.382     -0.267     -0.798
1.382     -0.000     -0.798
1.176     -0.000     -1.618
1.176     -0.267     -1.618
1.176     -0.533     -1.618
1.176     -0.800     -1.618
1.176     -1.067     -1.618
1.176     -1.333     -1.618
1.176     -1.600     -1.618
1.176     -1.867     -1.618
1.176     -2.133     -1.618
1.176     -2.400     -1.618
1.176     -2.667     -1.618
1.176     -2.933     -1.618
1.176     -3.200     -1.618
1.176     -3.467     -1.618
1.176     -3.733     -1.618
1.176     -4.000     -1.618
0.938     -4.000     -1.291
0.938     -3.733     -1.291
0.938     -3.467     -1.291
0.938     -3.200     -1.291
0.938     -2.933     -1.291
0.938     -2.667     -1.291
0.938     -2.400     -1.291
0.938     -2.133     -1.291
0.938     -1.867     -1.291
0.938     -1.600     -1.291
0.938     -1.333     -1.291
0.938     -1.067     -1.291
0.938     -0.800     -1.291
0.938     -0.533     -1.291
0.938     -0.267     -1.291
0.938     -0.000     -1.291
0.416     -0.000     -1.956
0.416     -0.267     -1.956
0.416     -0.533     -1.956
0.416     -0.800     -1.956
0.416     -1.067     -1.956
0.416     -1.333     -1.956
0.416     -1.600     -1.956
0.416     -1.867     -1.956
0.416     -2.133     -1.956
0.416     -2.400     -1.956
0.416     -2.667     -1.956
0.416     -2.933     -1.956
0.416     -3.200     -1.956
0.416     -3.467     -1.956
0.416     -3.733     -1.956
0.416     -4.000     -1.956
0.332     -4.000     -1.561
0.332     -3.733     -1.561
0.332     -3.467     -1.561
0.332     -3.200     -1.561
0.332     -2.933     -1.561
0.332     -2.667     -1.561
0.332     -2.400     -1.561
0.332     -2.133     -1.561
0.332     -1.867     -1.561
0.332     -1.600     -1.561
0.332     -1.333     -1.561
0.332     -1.067     -1.561
0.332     -0.800     -1.561
0.332     -0.533     -1.561
0.332     -0.267     -1.561
0.332     -0.000     -1.561
-0.416     -0.000     -1.956
-0.416     -0.267     -1.956
-0.416     -0.533     -1.956
-0.416     -0.800     -1.956
-0.416     -1.067     -1.956
-0.416     -1.333     -1.956
-0.416     -1.600     -1.956
-0.416     -1.867     -1.956
-0.416     -2.133     -1.956
-0.416     -2.400     -1.956
-0.416     -2.667     -1.956
-0.416     -2.933     -1.956
-0.416     -3.200     -1.956
-0.416     -3.467     -1.956
-0.416     -3.733     -1.956
-0.416     -4.000     -1.956
-0.332     -4.000     -1.561
-0.332     -3.733     -1.561
-0.332     -3.467     -1.561
-0.332     -3.200     -1.561
-0.332     -2.933     -1.561
-0.332     -2.667     -1.561
-0.332     -2.400     -1.561
-0.332     -2.133     -1.561
-0.332     -1.867     -1.561
-0.332     -1.600     -1.561
-0.332     -1.333     -1.561
-0.332     -1.067     -1.561
-0.332     -0.800     -1.561
-0.332     -0.533     -1.561
-0.332     -0.267     -1.561
-0.332     -0.000     -1.561
-1.176     -0.000     -1.618
-1.176     -0.267     -1.618
-1.176     -0.533     -1.618
-1.176     -0.800     -1.618
-1.176     -1.067     -1.618
-1.176     -1.333     -1.618
-1.176     -1.600     -1.618
-1.176     -1.867     -1.618
-1.176     -2.133     -1.618
-1.176     -2.400     -1.618
-1.176     -2.667     -1.618
-1.176     -2.933     -1.618
-1.176     -3.200     -1.618
-1.176     -3.467     -1.618
-1.176     -3.733     -1.618
-1.176     -4.000     -1.618
-0.938     -4.000     -1.291
-0.938     -3.733     -1.291
-0.938     -3.467     -1.291
-0.938     -3.200     -1.291
-0.938     -2.933     -1.291
-0.938     -2.667     -1.291
-0.938     -2.400     -1.291
-0.938     -2.133     -1.291
-0.938     -1.867     -1.291
-0.938     -1.600     -1.291
-0.938     -1.333     -1.291
-0.938     -1.067     -1.291
-0.938     -0.800     -1.291
-0.938     -0.533     -1.291
-0.938     -0.267     -1.291
-0.938     -0.000     -1.291
-1.732     -0.000     -1.000
-1.732     -0.267     -1.000
-1.732     -0.533     -1.000
-1.732     -0.800     -1.000
-1.732     -1.067     -1.000
-1.732     -1.333     -1.000
-1.732     -1.600     -1.000
-1.732     -1.867     -1.000
-1.732     -2.133     -1.000
-1.732     -2.400     -1.000
-1.732     -2.667     -1.000
-1.732     -2.933     -1.000
-1.732     -3.200     -1.000
-1.732     -3.467     -1.000
-1.732     -3.733     -1.000
-1.732     -4.000     -1.000
-1.382     -4.000     -0.798
-1.382     -3.733     -0.798
-1.382     -3.467     -0.798
-1.382     -3.200     -0.798
-1.382     -2.933     -0.798
-1.382     -2.667     -0.798
-1.382     -2.400     -0.798
-1.382     -2.133     -0.798
-1.382     -1.867     -0.798
-1.382     -1.600     -0.798
-1.382     -1.333     -0.798
-1.382     -1.067     -0.798
-1.382     -0.800     -0.798
-1.382     -0.533     -0.798
-1.382     -0.267     -0.798
-1.382     -0.000     -0.798
-1.989     -0.000     -0.209
-1.989     -0.267     -0.209
-1.989     -0.533     -0.209
-1.989     -0.800     -0.209
-1.989     -1.067     -0.209
-1.989     -1.333     -0.209
-1.989     -1.600     -0.209
-1.989     -1.867     -0.209
-1.989     -2.133     -0.209
-1.989     -2.400     -0.209
-1.989     -2.667     -0.209
-1.989     -2.933     -0.209
-1.989     -3.200     -0.209
-1.989     -3.467     -0.209
-1.989     -3.733     -0.209
-1.989     -4.000     -0.209
-1.587     -4.000     -0.167
-1.587     -3.733     -0.167
-1.587     -3.467     -0.167
-1.587     -3.200     -0.167
-1.587     -2.933     -0.167
-1.587     -2.667     -0.167
-1.587     -2.400     -0.167
-1.587     -2.133     -0.167
-1.587     -1.867     -0.167
-1.587     -1.600     -0.167
-1.587     -1.333     -0.167
-1.587     -1.067     -0.167
-1.587     -0.800     -0.167
-1.587     -0.533     -0.167
-1.587     -0.267     -0.167
-1.587     -0.000     -0.167
-1.902     0.000     0.618
-1.902     -0.267     0.618
-1.902     -0.533     0.618
-1.902     -0.800     0.618
-1.902     -1.067     0.618
-1.902     -1.333     0.618
-1.902     -1.600     0.618
-1.902     -1.867     0.618
-1.902     -2.133     0.618
-1.902     -2.400     0.618
-1.902     -2.667     0.618
-1.902     -2.933     0.618
-1.902     -3.200     0.618
-1.902     -3.467     0.618
-1.902     -3.733     0.618
-1.902     -4.000     0.618
-1.517     -4.000     0.493
-1.517     -3.733     0.493
-1.517     -3.467     0.493
-1.517     -3.200     0.493
-1.517     -2.933     0.493
-1.517     -2.667     0.493
-1.517     -2.400     0.493
-1.517     -2.133     0.493
-1.517     -1.867     0.493
-1.517     -1.600     0.493
-1.517     -1.333     0.493
-1.517     -1.067     0.493
-1.517     -0.800     0.493
-1.517     -0.533     0.493
-1.517     -0.267     0.493
-1.517     0.000     0.493
-1.486     0.000     1.338
-1.486     -0.267     1.338
-1.486     -0.533     1.338
-1.486     -0.800     1.338
-1.486     -1.067     1.338
-1.486     -1.333     1.338
-1.486     -1.600     1.338
-1.486     -1.867     1.338
-1.486     -2.133     1.338
-1.486     -2.400     1.338
-1.486     -2.667     1.338
-1.486     -2.933     1.338
-1.486     -3.200     1.338
-1.486     -3.467     1.338
-1.486     -3.733     1.338
-1.486     -4.000     1.338
-1.186     -4.000     1.068
-1.186     -3.733     1.068
-1.186     -3.467     1.068
-1.186     -3.200     1.068
-1.186     -2.933     1.068
-1.186     -2.667     1.068
-1.186     -2.400     1.068
-1.186     -2.133     1.068
-1.186     -1.867     1.068
-1.186     -1.600     1.068
-1.186     -1.333     1.068
-1.186     -1.067     1.068
-1.186     -0.800     1.068
-1.186     -0.533     1.068
-1.186     -0.267     1.068
-1.186     0.000     1.068
-0.813     0.000     1.827
-0.813     -0.267     1.827
-0.813     -0.533     1.827
-0.813     -0.800     1.827
-0.813     -1.067     1.827
-0.813     -1.333     1.827
-0.813     -1.600     1.827
-0.813     -1.867     1.827
-0.813     -2.133     1.827
-0.813     -2.400     1.827
-0.813     -2.667     1.827
-0.813     -2.933     1.827
-0.813     -3.200     1.827
-0.813     -3.467     1.827
-0.813     -3.733     1.827
-0.813     -4.000     1.827
-0.649     -4.000     1.458
-0.649     -3.733     1.458
-0.649     -3.467     1.458
-0.649     -3.200     1.458
-0.649     -2.933     1.458
-0.649     -2.667     1.458
-0.649     -2.400     1.458
-0.649     -2.133     1.458
-0.649     -1.867     1.458
-0.649     -1.600     1.458
-0.649     -1.333     1.458
-0.649     -1.067     1.458
-0.649     -0.800     1.458
-0.649     -0.533     1.458
-0.649     -0.267     1.458
-0.649     0.000     1.458
-0.649     -1.333     1.458
-0.649     -1.067     1.458
-0.649     -0.800     1.458
-0.649     -0.533     1.458
-0.649     -0.267     1.458
-0.649     0.000     1.458
