Vertices: 486
-0.033     0.000     2.344
-0.033     -0.144     2.318
-0.033     -0.271     2.245
-0.033     -0.366     2.133
-0.033     -0.416     1.995
-0.033     -0.416     1.848
-0.033     -0.366     1.711
-0.033     -0.271     1.598
-0.033     -0.144     1.525
-0.033     0.000     1.499
-0.033     0.144     1.525
-0.033     0.271     1.598
-0.033     0.366     1.711
-0.033     0.416     1.848
-0.033     0.416     1.995
-0.033     0.366     2.133
-0.033     0.271     2.245
-0.033     0.144     2.318
0.498     0.000     2.282
0.492     -0.144     2.257
0.475     -0.271     2.186
0.449     -0.366     2.076
0.417     -0.416     1.942
0.383     -0.416     1.800
0.351     -0.366     1.666
0.326     -0.271     1.556
0.309     -0.144     1.485
0.303     0.000     1.460
0.309     0.144     1.485
0.326     0.271     1.556
0.351     0.366     1.666
0.383     0.416     1.800
0.417     0.416     1.942
0.449     0.366     2.076
0.475     0.271     2.186
0.492     0.144     2.257
0.999     0.000     2.099
0.988     -0.144     2.076
0.955     -0.271     2.011
0.905     -0.366     1.911
0.843     -0.416     1.787
0.777     -0.416     1.656
0.715     -0.366     1.533
0.665     -0.271     1.433
0.632     -0.144     1.367
0.620     0.000     1.345
0.632     0.144     1.367
0.665     0.271     1.433
0.715     0.366     1.533
0.777     0.416     1.656
0.843     0.416     1.787
0.905     0.366     1.911
0.955     0.271     2.011
0.988     0.144     2.076
1.446     0.000     1.806
1.429     -0.144     1.786
1.382     -0.271     1.730
1.310     -0.366     1.644
1.221     -0.416     1.538
1.127     -0.416     1.426
1.038     -0.366     1.321
0.966     -0.271     1.235
0.919     -0.144     1.178
0.903     0.000     1.159
0.919     0.144     1.178
0.966     0.271     1.235
1.038     0.366     1.321
1.127     0.416     1.426
1.221     0.416     1.538
1.310     0.366     1.644
1.382     0.271     1.730
1.429     0.144     1.786
1.812     0.000     1.417
1.792     -0.144     1.402
1.733     -0.271     1.358
1.643     -0.366     1.291
1.532     -0.416     1.209
1.415     -0.416     1.121
1.304     -0.366     1.039
1.214     -0.271     0.972
1.155     -0.144     0.928
1.135     0.000     0.913
1.155     0.144     0.928
1.214     0.271     0.972
1.304     0.366     1.039
1.415     0.416     1.121
1.532     0.416     1.209
1.643     0.366     1.291
1.733     0.271     1.358
1.792     0.144     1.402
2.079     0.000     0.955
2.056     -0.144     0.945
1.988     -0.271     0.916
1.885     -0.366     0.871
1.759     -0.416     0.817
1.624     -0.416     0.758
1.498     -0.366     0.704
1.394     -0.271     0.659
1.327     -0.144     0.630
1.304     0.000     0.620
1.327     0.144     0.630
1.394     0.271     0.659
1.498     0.366     0.704
1.624     0.416     0.758
1.759     0.416     0.817
1.885     0.366     0.871
1.988     0.271     0.916
2.056     0.144     0.945
2.232     0.000     0.443
2.207     -0.144     0.439
2.135     -0.271     0.426
2.024     -0.366     0.406
1.889     -0.416     0.383
1.744     -0.416     0.357
1.609     -0.366     0.333
1.498     -0.271     0.314
1.426     -0.144     0.301
1.401     0.000     0.297
1.426     0.144     0.301
1.498     0.271     0.314
1.609     0.366     0.333
1.744     0.416     0.357
1.889     0.416     0.383
2.024     0.366     0.406
2.135     0.271     0.426
2.207     0.144     0.439
2.263     -0.000     -0.090
2.238     -0.144     -0.089
2.165     -0.271     -0.084
2.053     -0.366     -0.078
1.915     -0.416     -0.070
1.769     -0.416     -0.061
1.631     -0.366     -0.053
1.519     -0.271     -0.047
1.446     -0.144     -0.042
1.420     0.000     -0.041
1.446     0.144     -0.042
1.519     0.271     -0.047
1.631     0.366     -0.053
1.769     0.416     -0.061
1.915     0.416     -0.070
2.053     0.366     -0.078
2.165     0.271     -0.084
2.238     0.144     -0.089
2.171     -0.000     -0.616
2.146     -0.144     -0.609
2.076     -0.271     -0.588
1.968     -0.366     -0.555
1.836     -0.416     -0.516
1.696     -0.416     -0.474
1.564     -0.366     -0.434
1.456     -0.271     -0.402
1.386     -0.144     -0.381
1.362     0.000     -0.374
1.386     0.144     -0.381
1.456     0.271     -0.402
1.564     0.366     -0.434
1.696     0.416     -0.474
1.836     0.416     -0.516
1.968     0.366     -0.555
2.076     0.271     -0.588
2.146     0.144     -0.609
1.959     -0.000     -1.106
1.937     -0.144     -1.094
1.873     -0.271     -1.057
1.776     -0.366     -1.001
1.657     -0.416     -0.932
1.530     -0.416     -0.859
1.411     -0.366     -0.790
1.313     -0.271     -0.733
1.250     -0.144     -0.697
1.228     0.000     -0.684
1.250     0.144     -0.697
1.313     0.271     -0.733
1.411     0.366     -0.790
1.530     0.416     -0.859
1.657     0.416     -0.932
1.776     0.366     -1.001
1.873     0.271     -1.057
1.937     0.144     -1.094
1.640     -0.000     -1.535
1.622     -0.144     -1.517
1.568     -0.271     -1.467
1.487     -0.366     -1.390
1.386     -0.416     -1.295
1.280     -0.416     -1.195
1.179     -0.366     -1.100
1.098     -0.271     -1.023
1.044     -0.144     -0.973
1.026     0.000     -0.955
1.044     0.144     -0.973
1.098     0.271     -1.023
1.179     0.366     -1.100
1.280     0.416     -1.195
1.386     0.416     -1.295
1.487     0.366     -1.390
1.568     0.271     -1.467
1.622     0.144     -1.517
1.231     -0.000     -1.878
1.217     -0.144     -1.857
1.177     -0.271     -1.795
1.115     -0.366     -1.702
1.039     -0.416     -1.586
0.959     -0.416     -1.464
0.883     -0.366     -1.349
0.821     -0.271     -1.255
0.781     -0.144     -1.194
0.767     0.000     -1.172
0.781     0.144     -1.194
0.821     0.271     -1.255
0.883     0.366     -1.349
0.959     0.416     -1.464
1.039     0.416     -1.586
1.115     0.366     -1.702
1.177     0.271     -1.795
1.217     0.144     -1.857
0.754     -0.000     -2.118
0.745     -0.144     -2.094
0.720     -0.271     -2.025
0.682     -0.366     -1.919
0.634     -0.416     -1.790
0.584     -0.416     -1.652
0.537     -0.366     -1.523
0.499     -0.271     -1.417
0.474     -0.144     -1.348
0.465     -0.000     -1.324
0.474     0.144     -1.348
0.499     0.271     -1.417
0.537     0.366     -1.523
0.584     0.416     -1.652
0.634     0.416     -1.790
0.682     0.366     -1.919
0.720     0.271     -2.025
0.745     0.144     -2.094
0.234     -0.000     -2.241
0.231     -0.144     -2.215
0.223     -0.271     -2.143
0.210     -0.366     -2.031
0.194     -0.416     -1.894
0.177     -0.416     -1.749
0.161     -0.366     -1.612
0.148     -0.271     -1.500
0.139     -0.144     -1.427
0.136     -0.000     -1.402
0.139     0.144     -1.427
0.148     0.271     -1.500
0.161     0.366     -1.612
0.177     0.416     -1.749
0.194     0.416     -1.894
0.210     0.366     -2.031
0.223     0.271     -2.143
0.231     0.144     -2.215
-0.300     -0.000     -2.241
-0.297     -0.144     -2.215
-0.288     -0.271     -2.143
-0.275     -0.366     -2.031
-0.259     -0.416     -1.894
-0.242     -0.416     -1.749
-0.226     -0.366     -1.612
-0.213     -0.271     -1.500
-0.205     -0.144     -1.427
-0.202     -0.000     -1.402
-0.205     0.144     -1.427
-0.213     0.271     -1.500
-0.226     0.366     -1.612
-0.242     0.416     -1.749
-0.259     0.416     -1.894
-0.275     0.366     -2.031
-0.288     0.271     -2.143
-0.297     0.144     -2.215
-0.820     -0.000     -2.118
-0.811     -0.144     -2.094
-0.786     -0.271     -2.025
-0.747     -0.366     -1.919
-0.700     -0.416     -1.790
-0.650     -0.416     -1.652
-0.603     -0.366     -1.523
-0.565     -0.271     -1.417
-0.539     -0.144     -1.348
-0.531     -0.000     -1.324
-0.539     0.144     -1.348
-0.565     0.271     -1.417
-0.603     0.366     -1.523
-0.650     0.416     -1.652
-0.700     0.416     -1.790
-0.747     0.366     -1.919
-0.786     0.271     -2.025
-0.811     0.144     -2.094
-1.297     -0.000     -1.878
-1.283     -0.144     -1.857
-1.243     -0.271     -1.795
-1.181     -0.366     -1.702
-1.105     -0.416     -1.586
-1.025     -0.416     -1.464
-0.949     -0.366     -1.349
-0.887     -0.271     -1.255
-0.847     -0.144     -1.194
-0.833     0.000     -1.172
-0.847     0.144     -1.194
-0.887     0.271     -1.255
-0.949     0.366     -1.349
-1.025     0.416     -1.464
-1.105     0.416     -1.586
-1.181     0.366     -1.702
-1.243     0.271     -1.795
-1.283     0.144     -1.857
-1.706     -0.000     -1.535
-1.687     -0.144     -1.517
-1.634     -0.271     -1.467
-1.552     -0.366     -1.390
-1.452     -0.416     -1.295
-1.345     -0.416     -1.195
-1.245     -0.366     -1.100
-1.164     -0.271     -1.023
-1.110     -0.144     -0.973
-1.092     0.000     -0.955
-1.110     0.144     -0.973
-1.164     0.271     -1.023
-1.245     0.366     -1.100
-1.345     0.416     -1.195
-1.452     0.416     -1.295
-1.552     0.366     -1.390
-1.634     0.271     -1.467
-1.687     0.144     -1.517
-2.025     -0.000     -1.106
-2.003     -0.144     -1.094
-1.939     -0.271     -1.057
-1.842     -0.366     -1.001
-1.723     -0.416     -0.932
-1.596     -0.416     -0.859
-1.476     -0.366     -0.790
-1.379     -0.271     -0.733
-1.316     -0.144     -0.697
-1.294     0.000     -0.684
-1.316     0.144     -0.697
-1.379     0.271     -0.733
-1.476     0.366     -0.790
-1.596     0.416     -0.859
-1.723     0.416     -0.932
-1.842     0.366     -1.001
-1.939     0.271     -1.057
-2.003     0.144     -1.094
-2.236     -0.000     -0.616
-2.212     -0.144     -0.609
-2.142     -0.271     -0.588
-2.034     -0.366     -0.555
-1.902     -0.416     -0.516
-1.762     -0.416     -0.474
-1.630     -0.366     -0.434
-1.522     -0.271     -0.402
-1.452     -0.144     -0.381
-1.427     0.000     -0.374
-1.452     0.144     -0.381
-1.522     0.271     -0.402
-1.630     0.366     -0.434
-1.762     0.416     -0.474
-1.902     0.416     -0.516
-2.034     0.366     -0.555
-2.142     0.271     -0.588
-2.212     0.144     -0.609
-2.329     -0.000     -0.090
-2.304     -0.144     -0.089
-2.230     -0.271     -0.084
-2.118     -0.366     -0.078
-1.981     -0.416     -0.070
-1.834     -0.416     -0.061
-1.697     -0.366     -0.053
-1.585     -0.271     -0.047
-1.512     -0.144     -0.042
-1.486     0.000     -0.041
-1.512     0.144     -0.042
-1.585     0.271     -0.047
-1.697     0.366     -0.053
-1.834     0.416     -0.061
-1.981     0.416     -0.070
-2.118     0.366     -0.078
-2.230     0.271     -0.084
-2.304     0.144     -0.089
-2.298     0.000     0.443
-2.273     -0.144     0.439
-2.201     -0.271     0.426
-2.090     -0.366     0.406
-1.954     -0.416     0.383
-1.810     -0.416     0.357
-1.674     -0.366     0.333
-1.564     -0.271     0.314
-1.492     -0.144     0.301
-1.466     0.000     0.297
-1.492     0.144     0.301
-1.564     0.271     0.314
-1.674     0.366     0.333
-1.810     0.416     0.357
-1.954     0.416     0.383
-2.090     0.366     0.406
-2.201     0.271     0.426
-2.273     0.144     0.439
-2.145     0.000     0.955
-2.121     -0.144     0.945
-2.054     -0.271     0.916
-1.951     -0.366     0.871
-1.825     -0.416     0.817
-1.690     -0.416     0.758
-1.563     -0.366     0.704
-1.460     -0.271     0.659
-1.393     -0.144     0.630
-1.370     0.000     0.620
-1.393     0.144     0.630
-1.460     0.271     0.659
-1.563     0.366     0.704
-1.690     0.416     0.758
-1.825     0.416     0.817
-1.951     0.366     0.871
-2.054     0.271     0.916
-2.121     0.144     0.945
-1.878     0.000     1.417
-1.857     -0.144     1.402
-1.799     -0.271     1.358
-1.709     -0.366     1.291
-1.598     -0.416     1.209
-1.480     -0.416     1.121
-1.370     -0.366     1.039
-1.280     -0.271     0.972
-1.221     -0.144     0.928
-1.201     0.000     0.913
-1.221     0.144     0.928
-1.280     0.271     0.972
-1.370     0.366     1.039
-1.480     0.416     1.121
-1.598     0.416     1.209
-1.709     0.366     1.291
-1.799     0.271     1.358
-1.857     0.144     1.402
-1.511     0.000     1.806
-1.495     -0.144     1.786
-1.448     -0.271     1.730
-1.376     -0.366     1.644
-1.287     -0.416     1.538
-1.193     -0.416     1.426
-1.104     -0.366     1.321
-1.032     -0.271     1.235
-0.985     -0.144     1.178
-0.969     0.000     1.159
-0.985     0.144     1.178
-1.032     0.271     1.235
-1.104     0.366     1.321
-1.193     0.416     1.426
-1.287     0.416     1.538
-1.376     0.366     1.644
-1.448     0.271     1.730
-1.495     0.144     1.786
-1.065     0.000     2.099
-1.054     -0.144     2.076
-1.021     -0.271     2.011
-0.970     -0.366     1.911
-0.909     -0.416     1.787
-0.843     -0.416     1.656
-0.781     -0.366     1.533
-0.731     -0.271     1.433
-0.698     -0.144     1.367
-0.686     0.000     1.345
-0.698     0.144     1.367
-0.731     0.271     1.433
-0.781     0.366     1.533
-0.843     0.416     1.656
-0.909     0.416     1.787
-0.970     0.366     1.911
-1.021     0.271     2.011
-1.054     0.144     2.076
-0.563     0.000     2.282
-0.557     -0.144     2.257
-0.541     -0.271     2.186
-0.515     -0.366     2.076
-0.483     -0.416     1.942
-0.449     -0.416     1.800
-0.417     -0.366     1.666
-0.391     -0.271     1.556
-0.374     -0.144     1.485
-0.369     0.000     1.460
-0.374     0.144     1.485
-0.391     0.271     1.556
-0.417     0.366     1.666
-0.449     0.416     1.800
-0.483     0.416     1.942
-0.515     0.366     2.076
-0.541     0.271     2.186
-0.557     0.144     2.257
